24.7512628814
25.6842373138
33.3714210168
15.5026646527
9.5009768935
17.8287460861
33.9519047387
21.0065122279
12.7152481103
5.7802350442
42.5867317225
38.72671592
19.1148366807
23.1209401767
27.7650791671
12.6827638998
26.7828694301
24.0823098306
37.2862372162
18.8453216299
13.2535366459
22.6242012276
16.2690885232
25.4984708175
25.3193246525
27.2341481862
33.1170010345
21.9840409444
18.3642296793
13.5322325099
20.2039378404
28.6722550211
25.1270955065
35.3158263064
16.6239825323
32.8333079039
9.5364360827
23.1981128742
7.9195016148
24.1660452612
14.1658171208
17.9590558582
23.7368668617
23.167182057
27.5799786393
12.3229691793
16.8040488808
13.0951448966
14.9949398427
14.0729372647
28.7196471781
6.7073485979
16.0585827567
17.3407051325
26.9564950797
12.15061996
20.8838780562
24.5675313436
29.5877165479
27.5051347353
27.0083728644
