-3.54524	    83
-3.5159	    82
-3.48573	    82
-3.4564	    82
-3.42622	    82
-3.39689	    81
-3.36672	    82
-3.33738	    82
-3.30721	    82
-3.27788	    82
-3.24771	    82
-3.21837	    83
-3.1882	    83
-3.15803	    83
-3.12869	    84
-3.09852	    84
-3.06919	    85
-3.03901	    85
-3.00884	    86
-2.97951	    86
-2.94934	    87
 -2.92	    89
-2.88983	    91
-2.8605	    92
-2.83032	    93
-2.80099	    94
-2.77082	    94
-2.74148	    95
-2.71131	    97
-2.68198	    97
-2.6518	    98
-2.62163	    99
-2.5923	    99
-2.56213	   100
-2.53279	   100
-2.50262	   102
-2.47329	   103
-2.44311	   104
-2.41378	   104
-2.38361	   105
-2.35427	   106
-2.3241	   107
-2.29393	   107
-2.26459	   108
-2.23442	   109
-2.20509	   110
-2.17492	   112
-2.14474	   112
-2.11541	   113
-2.08524	   113
-2.0559	   114
-2.02573	   115
-1.9964	   115
-1.96622	   115
-1.93689	   115
-1.90672	   114
-1.87738	   114
-1.84721	   113
-1.81788	   112
-1.7877	   112
-1.75753	   112
-1.7282	   111
-1.69803	   111
-1.66869	   111
-1.63852	   112
-1.60919	   112
-1.57901	   113
-1.54968	   113
-1.51951	   114
-1.49017	   115
 -1.46	   117
-1.43067	   118
-1.40049	   120
-1.37116	   121
-1.34099	   123
-1.31082	   126
-1.28148	   130
-1.25131	   133
-1.22198	   135
-1.1918	   138
-1.16247	   142
-1.1323	   145
-1.10212	   147
-1.07279	   150
-1.04262	   151
-1.01328	   154
-0.983112	   155
-0.953778	   156
-0.923606	   156
-0.894271	   156
-0.864099	   155
-0.834765	   154
-0.804593	   153
-0.774421	   150
-0.745087	   147
-0.714914	   144
-0.68558	   142
-0.655408	   138
-0.626074	   135
-0.595902	   132
-0.566567	   130
-0.536395	   128
-0.507061	   126
-0.476889	   125
-0.446717	   125
-0.417383	   124
-0.38721	   126
-0.357876	   126
-0.327704	   129
-0.29837	   132
-0.268198	   137
-0.238864	   139
-0.208691	   145
-0.179357	   151
-0.149185	   157
-0.119013	   162
-0.0896786	   167
-0.0595063	   171
-0.0301722	   175
     0	   182
0.0293341	   184
0.0595063	   190
0.0888405	   193
0.119013	   194
0.148347	   196
0.178519	   196
0.208691	   195
0.238025	   193
0.268198	   192
0.297532	   188
0.327704	   184
0.357038	   180
0.38721	   176
0.416544	   170
0.446717	   166
0.476051	   160
0.506223	   157
0.535557	   153
0.565729	   148
0.595063	   146
0.625236	   144
0.65457	   143
0.684742	   143
0.714076	   143
0.744248	   147
0.773583	   151
0.803755	   157
0.833089	   162
0.915224	   160
0.945397	   187
0.975569	   195
1.0049	   203
1.03508	   209
1.06525	   215
1.09542	   221
1.12475	   225
1.15493	   229
1.1851	   230
1.21443	   232
1.2446	   232
1.27478	   230
1.30411	   228
1.33428	   226
1.36446	   221
1.39463	   214
1.42396	   209
1.45413	   202
1.48431	   194
1.51364	   189
1.54381	   180
1.57398	   173
1.60332	   168
1.63349	   162
1.66366	   160
 1.693	   157
1.72317	   155
1.75334	   154
1.78268	   155
1.81285	   158
1.84302	   161
1.87319	   166
1.90337	   173
1.9327	   182
1.96287	   189
1.99304	   199
2.02238	   207
2.05255	   215
2.08272	   226
2.11206	   233
2.14223	   242
2.1724	   249
2.20173	   254
2.23191	   255
2.26208	   255
2.29225	   255
2.32159	   255
2.35176	   255
2.38193	   255
2.41126	   255
2.44144	   248
2.47161	   240
2.50094	   232
2.53112	   224
2.56129	   214
2.59146	   204
2.62079	   196
2.65097	   188
2.68114	   178
2.71047	   172
2.74064	   166
2.77082	   161
2.80015	   160
2.83032	   159
2.8605	   159
2.88983	   161
  2.92	   164
2.95017	   169
2.98035	   174
3.00968	   182
3.03985	   189
3.07002	   199
3.09936	   207
3.12953	   215
3.1597	   223
3.18904	   231
3.21921	   239
3.24938	   247
3.27955	   253
3.30889	   255
3.33906	   255
3.36923	   255
3.3994	   255
3.42874	   255
3.45891	   255
3.48908	   255
3.51842	   248
3.54859	   240
3.57876	   232
3.6081	   224
3.63827	   212
3.66844	   204
3.69861	   194
3.72795	   185
3.75812	   176
3.78829	   171
3.81763	   166
3.8478	   161
3.87797	   157
3.90814	   153
3.93748	   152
3.96765	   152
3.99782	   155
4.02716	   157
4.05733	   162
4.0875	   167
4.11767	   173
4.14701	   181
4.17718	   189
4.20735	   197
4.23668	   205
4.26686	   213
4.29703	   219
4.3272	   225
4.35654	   231
4.38671	   236
4.41688	   238
4.44621	   241
4.47639	   241
4.50656	   241
4.53673	   240
4.56606	   238
4.59624	   233
4.62641	   228
4.65574	   224
4.68592	   216
4.71609	   208
4.74542	   202
4.77559	   194
4.80577	   187
4.8351	   180
4.86527	   176
4.89544	   168
4.92562	   164
4.95495	   160
4.98512	   156
5.0153	   154
5.04463	   153
5.0748	   154
5.10497	   155
5.13431	   157
5.16448	   159
5.19465	   163
5.22399	   168
5.25416	   173
5.28433	   179
5.3145	   186
5.34384	   189
5.37401	   195
5.40418	   198
5.43435	   203
5.46369	   206
5.49386	   211
5.52403	   213
5.55337	   215
5.58354	   216
5.61371	   215
5.64388	   213
5.67322	   210
5.70339	   207
5.73356	   204
5.7629	   200
5.79307	   194
5.82324	   189
5.85341	   185
5.88275	   180
5.91292	   176
5.94309	   170
5.97243	   166
6.0026	   161
6.03277	   158
6.0621	   154
6.09228	   152
6.12245	   151
6.15178	   149
6.18196	   150
6.21213	   150
6.2423	   151
6.27163	   152
6.30181	   155
6.33198	   158
6.36131	   159
6.39148	   162
6.42166	   166
6.45099	   169
6.48116	   172
6.51134	   174
6.54151	   178
6.57084	   179
6.60101	   181
6.63119	   181
6.66052	   183
6.69069	   182
6.72086	   183
6.75104	   181
6.78037	   180
6.81054	   179
6.84072	   174
6.87089	   172
6.90022	   170
6.93039	   168
6.96057	   168
6.9899	   163
7.02007	   161
7.05025	   158
7.07958	   155
7.10975	   152
7.13992	   149
7.16926	   148
7.19943	   145
7.2296	   144
7.25894	   142
7.28911	   142
7.31928	   140
7.34945	   138
7.37879	   139
7.40896	   141
7.43913	   142
7.46847	   144
7.49864	   144
7.52881	   145
7.55814	   145
7.58832	   147
7.61849	   149
7.64782	   149
 7.678	   150
7.70817	   151
7.73834	   153
7.76767	   153
7.79785	   151
7.82802	   152
7.85735	   151
7.88752	   150
7.9177	   150
7.94787	   150
7.9772	   148
8.00738	   146
8.03755	   146
8.06772	   144
8.09705	   142
8.12723	   139
8.1574	   138
8.18673	   136
8.2169	   134
8.24708	   133
8.27641	   132
8.30658	   128
8.33676	   128
8.36693	   126
8.39626	   125
8.42643	   125
8.45661	   123
8.48594	   123
8.51611	   123
8.54629	   122
8.57646	   121
8.60579	   122
8.63596	   122
8.66614	   122
8.69547	   123
8.72564	   123
8.75581	   123
8.78515	   124
8.81532	   123
8.90249	   122
8.93182	   123
8.96199	   122
8.99133	   122
9.0215	   121
9.05167	   120
 9.081	   120
9.11118	   119
9.14051	   120
9.17068	   120
9.20002	   119
9.22935	   117
9.25952	   117
9.2897	   117
9.31903	   117
9.3492	   116
9.37854	   116
9.40871	   116
9.43804	   116
9.46821	   116
9.49755	   115
9.52772	   115
9.55705	   114
9.58723	   114
9.61656	   113
9.64673	   112
9.67607	   114
9.70624	   113
9.73641	   112
9.76575	   111
9.79592	   110
9.82525	   110
9.85542	   110
9.88476	   109
9.91493	   109
9.94427	   110
9.97444	   109
10.0038	   109
10.0339	   109
10.0633	   108
10.0935	   107
10.1228	   107
10.153	   108
10.1831	   108
10.2125	   108
10.2426	   108
10.272	   107
10.3021	   108
10.3315	   107
10.3616	   106
10.391	   106
10.4212	   106
10.4513	   105
10.4807	   105
10.5108	   105
10.5402	   106
10.5703	   105
10.5997	   104
10.6298	   104
10.6592	   104
10.6894	   105
10.7187	   104
